I1NLM152_0010001.jpg,1,2550,1079
I1NLM152_0010002.jpg,2,2550,1081
I1NLM152_0010003.jpg,3,2550,1055
I1NLM152_0010004.jpg,4,2550,1070
I1NLM152_0010005.jpg,5,2550,1060
I1NLM152_0010006.jpg,6,2550,1055
I1NLM152_0010007.jpg,7,2550,1066
I1NLM152_0010008.jpg,8,2550,1067
I1NLM152_0010009.jpg,9,2550,1129
I1NLM152_0010010.jpg,10,2550,1129
I1NLM152_0010011.jpg,11,2550,1067
I1NLM152_0010012.jpg,12,2550,1068
I1NLM152_0010013.jpg,13,2550,1055
I1NLM152_0010014.jpg,14,2550,1078
I1NLM152_0010015.jpg,15,2550,1065
I1NLM152_0010016.jpg,16,2550,1068
I1NLM152_0010017.jpg,17,2550,1060
I1NLM152_0010018.jpg,18,2550,1056
I1NLM152_0010019.jpg,19,2550,1011
I1NLM152_0010020.jpg,20,2550,993
I1NLM152_0010021.jpg,21,2550,990
I1NLM152_0010022.jpg,22,2550,993
I1NLM152_0010023.jpg,23,2550,994
I1NLM152_0010024.jpg,24,2550,1003
I1NLM152_0010025.jpg,25,2550,1004
I1NLM152_0010026.jpg,26,2550,990
I1NLM152_0010027.jpg,27,2550,990
I1NLM152_0010028.jpg,28,2550,990
I1NLM152_0010029.jpg,29,2550,990
I1NLM152_0010030.jpg,30,2550,990
I1NLM152_0010031.jpg,31,2550,1000
I1NLM152_0010032.jpg,32,2550,990
I1NLM152_0010033.jpg,33,2550,990
I1NLM152_0010034.jpg,34,2550,990
I1NLM152_0010035.jpg,35,2550,990
I1NLM152_0010036.jpg,36,2550,990
I1NLM152_0010037.jpg,37,2550,996
I1NLM152_0010038.jpg,38,2550,990
I1NLM152_0010039.jpg,39,2550,983
I1NLM152_0010040.jpg,40,2550,990
I1NLM152_0010041.jpg,41,2550,1004
I1NLM152_0010042.jpg,42,2550,1004
I1NLM152_0010043.jpg,43,2550,990
I1NLM152_0010044.jpg,44,2550,990
I1NLM152_0010045.jpg,45,2550,973
I1NLM152_0010046.jpg,46,2550,990
I1NLM152_0010047.jpg,47,2550,990
I1NLM152_0010048.jpg,48,2550,990
I1NLM152_0010049.jpg,49,2550,990
I1NLM152_0010050.jpg,50,2550,990
I1NLM152_0010051.jpg,51,2550,990
I1NLM152_0010052.jpg,52,2550,981
I1NLM152_0010053.jpg,53,2550,990
I1NLM152_0010054.jpg,54,2550,990
I1NLM152_0010055.jpg,55,2550,990
I1NLM152_0010056.jpg,56,2550,990
I1NLM152_0010057.jpg,57,2550,999
I1NLM152_0010058.jpg,58,2550,998
I1NLM152_0010059.jpg,59,2550,1006
I1NLM152_0010060.jpg,60,2550,1022
I1NLM152_0010061.jpg,61,2550,1055
I1NLM152_0010062.jpg,62,2550,1055
I1NLM152_0010063.jpg,63,2550,1026
I1NLM152_0010064.jpg,64,2550,1015
I1NLM152_0010065.jpg,65,2550,974
I1NLM152_0010066.jpg,66,2550,961
I1NLM152_0010067.jpg,67,2550,967
I1NLM152_0010068.jpg,68,2550,967
I1NLM152_0010069.jpg,69,2550,1133
I1NLM152_0010070.jpg,70,2550,1133
I1NLM152_0010071.jpg,71,2550,1133
I1NLM152_0010072.jpg,72,2550,1133
I1NLM152_0010073.jpg,73,2550,1029
I1NLM152_0010074.jpg,74,2550,1039
I1NLM152_0010075.jpg,75,2550,1039
I1NLM152_0010076.jpg,76,2550,1035
I1NLM152_0010077.jpg,77,2550,1034
I1NLM152_0010078.jpg,78,2550,1035
I1NLM152_0010079.jpg,79,2550,1105
I1NLM152_0010080.jpg,80,2550,1111
I1NLM152_0010081.jpg,81,2550,1100
I1NLM152_0010082.jpg,82,2550,1095
I1NLM152_0010083.jpg,83,2550,1095
I1NLM152_0010084.jpg,84,2550,1095
I1NLM152_0010085.jpg,85,2550,1095
I1NLM152_0010086.jpg,86,2550,1095
I1NLM152_0010087.jpg,87,2550,1095
I1NLM152_0010088.jpg,88,2550,1095
I1NLM152_0010089.jpg,89,2550,1095
I1NLM152_0010090.jpg,90,2550,1095
I1NLM152_0010091.jpg,91,2550,1095
I1NLM152_0010092.jpg,92,2550,1095
I1NLM152_0010093.jpg,93,2550,1118
I1NLM152_0010094.jpg,94,2550,1113
I1NLM152_0010095.jpg,95,2550,1095
I1NLM152_0010096.jpg,96,2550,1081
I1NLM152_0010097.jpg,97,2550,935
I1NLM152_0010098.jpg,98,2550,935
I1NLM152_0010099.jpg,99,2550,918
I1NLM152_0010100.jpg,100,2550,922
I1NLM152_0010101.jpg,101,2550,922
I1NLM152_0010102.jpg,102,2550,924
I1NLM152_0010103.jpg,103,2550,924
I1NLM152_0010104.jpg,104,2550,924
I1NLM152_0010105.jpg,105,2550,924
I1NLM152_0010106.jpg,106,2550,924
I1NLM152_0010107.jpg,107,2550,940
I1NLM152_0010108.jpg,108,2550,940
I1NLM152_0010109.jpg,109,2550,940
I1NLM152_0010110.jpg,110,2550,940
I1NLM152_0010111.jpg,111,2550,940
I1NLM152_0010112.jpg,112,2550,940
I1NLM152_0010113.jpg,113,2550,940
I1NLM152_0010114.jpg,114,2550,940
I1NLM152_0010115.jpg,115,2550,940
I1NLM152_0010116.jpg,116,2550,946
I1NLM152_0010117.jpg,117,2550,946
I1NLM152_0010118.jpg,118,2550,946
I1NLM152_0010119.jpg,119,2550,947
I1NLM152_0010120.jpg,120,2550,939
I1NLM152_0010121.jpg,121,2550,911
I1NLM152_0010122.jpg,122,2550,911
I1NLM152_0010123.jpg,123,2550,901
I1NLM152_0010124.jpg,124,2550,881
I1NLM152_0010125.jpg,125,2550,835
I1NLM152_0010126.jpg,126,2550,859
I1NLM152_0010127.jpg,127,2550,830
I1NLM152_0010128.jpg,128,2550,832
I1NLM152_0010129.jpg,129,2550,832
I1NLM152_0010130.jpg,130,2550,832
I1NLM152_0010131.jpg,131,2550,832
I1NLM152_0010132.jpg,132,2550,832
I1NLM152_0010133.jpg,133,2550,998
I1NLM152_0010134.jpg,134,2550,998
I1NLM152_0010135.jpg,135,2550,819
I1NLM152_0010136.jpg,136,2550,819
I1NLM152_0010137.jpg,137,2550,819
I1NLM152_0010138.jpg,138,2550,799
I1NLM152_0010139.jpg,139,2550,1009
I1NLM152_0010140.jpg,140,2550,1009
I1NLM152_0010141.jpg,141,2550,1022
I1NLM152_0010142.jpg,142,2550,1004
I1NLM152_0010143.jpg,143,2550,1009
I1NLM152_0010144.jpg,144,2550,1009
I1NLM152_0010145.jpg,145,2550,1008
I1NLM152_0010146.jpg,146,2550,1009
I1NLM152_0010147.jpg,147,2550,979
I1NLM152_0010148.jpg,148,2550,974
I1NLM152_0010149.jpg,149,2550,989
I1NLM152_0010150.jpg,150,2550,952
I1NLM152_0010151.jpg,151,2550,992
I1NLM152_0010152.jpg,152,2550,952
I1NLM152_0010153.jpg,153,2550,1023
I1NLM152_0010154.jpg,154,2550,963
I1NLM152_0010155.jpg,155,2550,1018
I1NLM152_0010156.jpg,156,2550,952
I1NLM152_0010157.jpg,157,2550,952
I1NLM152_0010158.jpg,158,2550,952
I1NLM152_0010159.jpg,159,2550,952
I1NLM152_0010160.jpg,160,2550,952
I1NLM152_0010161.jpg,161,2550,952
I1NLM152_0010162.jpg,162,2550,967
I1NLM152_0010163.jpg,163,2550,952
I1NLM152_0010164.jpg,164,2550,956
I1NLM152_0010165.jpg,165,2550,952
I1NLM152_0010166.jpg,166,2550,932
I1NLM152_0010167.jpg,167,2550,952
I1NLM152_0010168.jpg,168,2550,916
I1NLM152_0010169.jpg,169,2550,952
I1NLM152_0010170.jpg,170,2550,952
I1NLM152_0010171.jpg,171,2550,952
I1NLM152_0010172.jpg,172,2550,952
I1NLM152_0010173.jpg,173,2550,952
I1NLM152_0010174.jpg,174,2550,952
I1NLM152_0010175.jpg,175,2550,952
I1NLM152_0010176.jpg,176,2550,952
I1NLM152_0010177.jpg,177,2550,952
I1NLM152_0010178.jpg,178,2550,936
I1NLM152_0010179.jpg,179,2550,952
I1NLM152_0010180.jpg,180,2550,929
I1NLM152_0010181.jpg,181,2550,952
I1NLM152_0010182.jpg,182,2550,959
I1NLM152_0010183.jpg,183,2550,958
I1NLM152_0010184.jpg,184,2550,965
I1NLM152_0010185.jpg,185,2550,952
I1NLM152_0010186.jpg,186,2550,952
I1NLM152_0010187.jpg,187,2550,952
I1NLM152_0010188.jpg,188,2550,952
I1NLM152_0010189.jpg,189,2550,952
I1NLM152_0010190.jpg,190,2550,918
I1NLM152_0010191.jpg,191,2550,961
I1NLM152_0010192.jpg,192,2550,952
I1NLM152_0010193.jpg,193,2550,933
I1NLM152_0010194.jpg,194,2550,955
I1NLM152_0010195.jpg,195,2550,958
I1NLM152_0010196.jpg,196,2550,959
I1NLM152_0010197.jpg,197,2550,952
I1NLM152_0010198.jpg,198,2550,952
I1NLM152_0010199.jpg,199,2550,952
I1NLM152_0010200.jpg,200,2550,935
I1NLM152_0010201.jpg,201,2550,961
I1NLM152_0010202.jpg,202,2550,639
I1NLM152_0010203.jpg,203,2550,650
I1NLM152_0010204.jpg,204,2550,633
I1NLM152_0010205.jpg,205,2550,635
I1NLM152_0010206.jpg,206,2550,633
I1NLM152_0010207.jpg,207,2550,633
I1NLM152_0010208.jpg,208,2550,633
I1NLM152_0010209.jpg,209,2550,633
I1NLM152_0010210.jpg,210,2550,633
I1NLM152_0010211.jpg,211,2550,633
I1NLM152_0010212.jpg,212,2550,633
I1NLM152_0010213.jpg,213,2550,633
I1NLM152_0010214.jpg,214,2550,615
I1NLM152_0010215.jpg,215,2550,613
I1NLM152_0010216.jpg,216,2550,614
I1NLM152_0010217.jpg,217,2550,617
I1NLM152_0010218.jpg,218,2550,611
I1NLM152_0010219.jpg,219,2550,611
I1NLM152_0010220.jpg,220,2550,614
I1NLM152_0010221.jpg,221,2550,611
I1NLM152_0010222.jpg,222,2550,618
I1NLM152_0010223.jpg,223,2550,615
I1NLM152_0010224.jpg,224,2550,611
I1NLM152_0010225.jpg,225,2550,611
I1NLM152_0010226.jpg,226,2550,611
I1NLM152_0010227.jpg,227,2550,611
I1NLM152_0010228.jpg,228,2550,611
I1NLM152_0010229.jpg,229,2550,611
I1NLM152_0010230.jpg,230,2550,611
I1NLM152_0010231.jpg,231,2550,611
I1NLM152_0010232.jpg,232,2550,611
I1NLM152_0010233.jpg,233,2550,611
I1NLM152_0010234.jpg,234,2550,611
I1NLM152_0010235.jpg,235,2550,611
I1NLM152_0010236.jpg,236,2550,643
I1NLM152_0010237.jpg,237,2550,648
I1NLM152_0010238.jpg,238,2550,640
I1NLM152_0010239.jpg,239,2550,634
I1NLM152_0010240.jpg,240,2550,656
I1NLM152_0010241.jpg,241,2550,648
I1NLM152_0010242.jpg,242,2550,650
I1NLM152_0010243.jpg,243,2550,639
I1NLM152_0010244.jpg,244,2550,637
I1NLM152_0010245.jpg,245,2550,634
I1NLM152_0010246.jpg,246,2550,646
I1NLM152_0010247.jpg,247,2550,637
I1NLM152_0010248.jpg,248,2550,638
I1NLM152_0010249.jpg,249,2550,639
I1NLM152_0010250.jpg,250,2550,661
I1NLM152_0010251.jpg,251,2550,653
I1NLM152_0010252.jpg,252,2550,654
I1NLM152_0010253.jpg,253,2550,650
I1NLM152_0010254.jpg,254,2550,639
I1NLM152_0010255.jpg,255,2550,639
I1NLM152_0010256.jpg,256,2550,633
I1NLM152_0010257.jpg,257,2550,633
I1NLM152_0010258.jpg,258,2550,638
I1NLM152_0010259.jpg,259,2550,633
I1NLM152_0010260.jpg,260,2550,633
I1NLM152_0010261.jpg,261,2550,635
I1NLM152_0010262.jpg,262,2550,649
I1NLM152_0010263.jpg,263,2550,646
I1NLM152_0010264.jpg,264,2550,646
I1NLM152_0010265.jpg,265,2550,646
I1NLM152_0010266.jpg,266,2550,646
I1NLM152_0010267.jpg,267,2550,646
I1NLM152_0010268.jpg,268,2550,646
I1NLM152_0010269.jpg,269,2550,650
I1NLM152_0010270.jpg,270,2550,646
I1NLM152_0010271.jpg,271,2550,646
I1NLM152_0010272.jpg,272,2550,651
I1NLM152_0010273.jpg,273,2550,646
I1NLM152_0010274.jpg,274,2550,646
I1NLM152_0010275.jpg,275,2550,646
I1NLM152_0010276.jpg,276,2550,649
I1NLM152_0010277.jpg,277,2550,646
I1NLM152_0010278.jpg,278,2550,629
I1NLM152_0010279.jpg,279,2550,626
I1NLM152_0010280.jpg,280,2550,617
I1NLM152_0010281.jpg,281,2550,617
I1NLM152_0010282.jpg,282,2550,617
I1NLM152_0010283.jpg,283,2550,621
I1NLM152_0010284.jpg,284,2550,625
I1NLM152_0010285.jpg,285,2550,623
I1NLM152_0010286.jpg,286,2550,621
I1NLM152_0010287.jpg,287,2550,623
I1NLM152_0010288.jpg,288,2550,646
I1NLM152_0010289.jpg,289,2550,646
I1NLM152_0010290.jpg,290,2550,646
I1NLM152_0010291.jpg,291,2550,646
I1NLM152_0010292.jpg,292,2550,646
I1NLM152_0010293.jpg,293,2550,646
I1NLM152_0010294.jpg,294,2550,631
I1NLM152_0010295.jpg,295,2550,627
I1NLM152_0010296.jpg,296,2550,627
I1NLM152_0010297.jpg,297,2550,631
I1NLM152_0010298.jpg,298,2550,646
I1NLM152_0010299.jpg,299,2550,646
I1NLM152_0010300.jpg,300,2550,646
I1NLM152_0010301.jpg,301,2550,646
I1NLM152_0010302.jpg,302,2550,657
I1NLM152_0010303.jpg,303,2550,661
I1NLM152_0010304.jpg,304,2550,646
I1NLM152_0010305.jpg,305,2550,648
I1NLM152_0010306.jpg,306,2550,646
I1NLM152_0010307.jpg,307,2550,646
I1NLM152_0010308.jpg,308,2550,646
I1NLM152_0010309.jpg,309,2550,646
I1NLM152_0010310.jpg,310,2550,619
I1NLM152_0010311.jpg,311,2550,619
I1NLM152_0010312.jpg,312,2550,619
I1NLM152_0010313.jpg,313,2550,619
I1NLM152_0010314.jpg,314,2550,619
I1NLM152_0010315.jpg,315,2550,619
I1NLM152_0010316.jpg,316,2550,619
I1NLM152_0010317.jpg,317,2550,619
I1NLM152_0010318.jpg,318,2550,619
I1NLM152_0010319.jpg,319,2550,619
I1NLM152_0010320.jpg,320,2550,619
I1NLM152_0010321.jpg,321,2550,619
I1NLM152_0010322.jpg,322,2550,619
I1NLM152_0010323.jpg,323,2550,619
I1NLM152_0010324.jpg,324,2550,619
I1NLM152_0010325.jpg,325,2550,619
I1NLM152_0010326.jpg,326,2550,619
I1NLM152_0010327.jpg,327,2550,619
I1NLM152_0010328.jpg,328,2550,619
I1NLM152_0010329.jpg,329,2550,619
I1NLM152_0010330.jpg,330,2550,619
I1NLM152_0010331.jpg,331,2550,619
I1NLM152_0010332.jpg,332,2550,619
I1NLM152_0010333.jpg,333,2550,619
I1NLM152_0010334.jpg,334,2550,601
I1NLM152_0010335.jpg,335,2550,604
I1NLM152_0010336.jpg,336,2550,606
I1NLM152_0010337.jpg,337,2550,617
I1NLM152_0010338.jpg,338,2550,652
I1NLM152_0010339.jpg,339,2550,663
I1NLM152_0010340.jpg,340,2550,660
I1NLM152_0010341.jpg,341,2550,655
I1NLM152_0010342.jpg,342,2550,632
I1NLM152_0010343.jpg,343,2550,642
I1NLM152_0010344.jpg,344,2550,650
I1NLM152_0010345.jpg,345,2550,645
I1NLM152_0010346.jpg,346,2550,644
I1NLM152_0010347.jpg,347,2550,641
